#GSM701923_H3K4me2_bowtie_v3m1p4_merged.bam	GSM701924_H3K4me3_bowtie_v3m1p4_merged.bam
>1:132546-132588
1	130543-130592	2	22
2	130593-130642	31	11
3	130643-130692	0	82
4	130693-130742	0	50
5	130743-130792	0	0
6	130793-130842	0	0
7	130843-130892	1	21
8	130893-130942	32	12
9	130943-130992	22	0
10	130993-131042	11	0
11	131043-131092	0	0
12	131093-131142	4	0
13	131143-131192	49	0
14	131193-131242	13	0
15	131243-131292	0	24
16	131293-131342	14	9
17	131343-131392	52	0
18	131393-131442	0	0
19	131443-131492	0	0
20	131493-131542	0	0
21	131543-131592	0	0
22	131593-131642	0	0
23	131643-131692	0	0
24	131693-131742	0	0
25	131743-131792	0	0
26	131793-131842	0	0
27	131843-131892	33	0
28	131893-131942	0	33
29	131943-131992	0	0
30	131993-132042	0	0
31	132043-132092	52	0
32	132093-132142	16	33
33	132143-132192	38	0
34	132193-132242	78	0
35	132243-132292	28	22
36	132293-132342	19	11
37	132343-132392	43	0
38	132393-132442	56	0
39	132443-132492	66	0
40	132493-132542	0	0
41	132543-132592	21	0
42	132593-132642	92	0
43	132643-132692	52	0
44	132693-132742	0	0
45	132743-132792	56	0
46	132793-132842	99	0
47	132843-132892	10	0
48	132893-132942	51	0
49	132943-132992	15	0
50	132993-133042	33	0
51	133043-133092	11	0
52	133093-133142	91	0
53	133143-133192	122	0
54	133193-133242	73	0
55	133243-133292	33	33
56	133293-133342	19	0
57	133343-133392	36	0
58	133393-133442	25	0
59	133443-133492	19	0
60	133493-133542	30	0
61	133543-133592	38	0
62	133593-133642	31	33
63	133643-133692	12	23
64	133693-133742	35	43
65	133743-133792	118	20
66	133793-133842	30	14
67	133843-133892	21	51
68	133893-133942	63	17
69	133943-133992	20	30
70	133993-134042	31	0
71	134043-134092	21	0
72	134093-134142	39	0
73	134143-134192	39	0
74	134193-134242	66	0
75	134243-134292	66	18
76	134293-134342	20	15
77	134343-134392	58	33
78	134393-134442	54	0
79	134443-134492	3	0
80	134493-134542	40	0
81	134543-134592	89	0
>1:372724-373169
1	370922-370971	118	0
2	370972-371021	33	0
3	371022-371071	12	18
4	371072-371121	87	15
5	371122-371171	77	10
6	371172-371221	54	23
7	371222-371271	67	33
8	371272-371321	0	29
9	371322-371371	33	4
10	371372-371421	0	0
11	371422-371471	33	0
12	371472-371521	0	0
13	371522-371571	15	33
14	371572-371621	18	0
15	371622-371671	0	0
16	371672-371721	21	0
17	371722-371771	12	33
18	371772-371821	0	0
19	371822-371871	54	0
20	371872-371921	12	33
21	371922-371971	0	0
22	371972-372021	0	0
23	372022-372071	2	33
24	372072-372121	31	0
25	372122-372171	0	0
26	372172-372221	0	0
27	372222-372271	0	0
28	372272-372321	0	0
29	372322-372371	0	0
30	372372-372421	0	0
31	372422-372471	0	0
32	372472-372521	0	0
33	372522-372571	0	0
34	372572-372621	0	0
35	372622-372671	0	0
36	372672-372721	0	0
37	372722-372771	0	0
38	372772-372821	24	0
39	372822-372871	9	0
40	372872-372921	0	0
41	372922-372971	0	0
42	372972-373021	0	12
43	373022-373071	0	21
44	373072-373121	0	32
45	373122-373171	0	113
46	373172-373221	14	53
47	373222-373271	66	16
48	373272-373321	19	17
49	373322-373371	0	0
50	373372-373421	0	79
51	373422-373471	53	58
52	373472-373521	13	71
53	373522-373571	33	244
54	373572-373621	71	348
55	373622-373671	141	482
56	373672-373721	105	382
57	373722-373771	114	399
58	373772-373821	167	557
59	373822-373871	62	86
60	373872-373921	116	197
61	373922-373971	149	115
62	373972-374021	225	338
63	374022-374071	283	439
64	374072-374121	280	202
65	374122-374171	214	104
66	374172-374221	57	123
67	374222-374271	140	58
68	374272-374321	26	26
69	374322-374371	115	15
70	374372-374421	66	0
71	374422-374471	78	0
72	374472-374521	69	21
73	374522-374571	175	22
74	374572-374621	61	96
75	374622-374671	131	33
76	374672-374721	109	26
77	374722-374771	141	0
78	374772-374821	116	82
79	374822-374871	125	17
80	374872-374921	129	0
81	374922-374971	0	20
